def draw_labirinth():
    the_map = [[1,1,1,2,1,1,1,1,1,1],
               [1,1,0,0,1,1,1,1,1,1],
               [1,1,0,1,1,1,1,1,1,1],
               [1,1,0,1,1,1,1,1,1,1],
               [1,1,0,1,1,1,1,1,1,1],
               [1,1,0,0,0,0,1,1,1,1],
               [1,1,1,1,1,0,1,1,1,1],
               [1,1,1,1,1,0,1,1,1,1],
               [1,1,1,1,1,0,1,1,1,1],
               [1,1,1,1,1,0,1,1,1,1]]
    lines =  []
    
    for lists in the_map:
        for k in lists:
            if k == 2:
                print("$",end = "")
            elif k == 1:
                print("X",end = "")
            elif k ==0:
                print(" ",end="")
        print()
        
        

draw_labirinth()
